3000000	98.18	0.26	188541113	1662025066	34514169
3150000	97.92	0.22	147839634	1839442678	23198180
2650000	99.64	0.28	402994997	1147386630	42255000
3100000	100	0.16	90931870	1247700000	29557741
2006000	95.73	0.26	66001727	103203793	49730786
2900000	92.63	0.16	274225663	1068065516	2040943
3100000	100	0.14	130974780	935182401	15024000
2409000	94.01	0.23	123165000	1060743000	3017000
3000000	98.6	0.21	136759014	1283130934	616000
2576000	77.03	0.18	202882429	2028248745	2500000
1695000	99.62	0.16	115517978	377549360	1299000
1606000	99.6	0.47	78265001	232199308	12183913
2406079	0.07	0.2	60475472	490187765	550750
1808000	100	0.28	18225067	214465611	19600000
1600000	92.11	0.22	12636159	155850330	3305233
1650000	98.76	0.16	52857730	497490463	230000
2080000	100	0.19	44781001	362821716	1796500
1800000	95.83	0.42	10477078	103720377	95529
1482000	98.2	0.16	41357207	379943130	37071755
3050000	98.74	0.37	127116737	491523556	2847040
1920000	100	0.18	136118951	391494658	5110228
1600000	98.47	0.18	175766296	265457092	3198870
1514000	97.33	0.33	18305000	96780000	70218000
1546000	99.09	0.21	36538685	235873149	55000
800000	87.5	0.33	775297		78949414	680750
2228000	100	0.14	601320156	315278952	375994
2400000	93.98	0.18	117753095	690185284	8601000
865000	99.54	0.2	5476882		597903994	435300
1546000	84.97	0.37	41622930	201873217	2040000
617500	92.81	0.16	10607483	84740578	17100025
1144000	94.38	0.15	22538983	378978998	15688542
600000	22.95	0.16	17041644	233707348	2400707
1105057	99.56	0.19	93215615	398617356	1489892
1417000	98.54	0.15	820320		546901843	500000
760000	93.88	0.2	14608114	43630603	422231
762937	80.15	0.19	93379391	412099883	30988700
1710074	98.6	0.15	40417000	285394167	4488000
1400000	99.62	0.2	36155490	677015420	2090000
600000	62.94	0.12	21114308	196117214	1698535
823000	89.45	0.16	77182389	903180872	86000
1275000	100	0.31	28362257	138677155	1211036
1168000	98.9	0.17	69171536	423241579	3535325
1542000	88.74	0.25	65521666	197558484	5240000
900000	58.67	0.27	35554696	136181437	2207524
1025000	97.03	0.17	36224547	451883812	275000
1710000	100	0.16	35606835	269788820	321018
740000	91.67	0.16	2347000		220363000	1614648
1050000	99.46	0.19	13216308	379461329	7500000
650000	79.89	0.18	5836700		119438905	908248
500000	69.57	0.15	847801		40059929	474000
